SNP	BETA	SE	N
rs0000	0.09510004839445188	0.011298276858684956	8000
rs0001	0.0919263869663259	0.011301560660007662	8000
rs0002	0.09804672332350295	0.011295127249910424	8000
rs0003	0.104817539786824	0.011287522406211552	8000
rs0004	0.07780987491642796	0.011314807057411683	8000
rs0005	0.09511362993227175	0.01129826256423798	8000
rs0006	0.09886597187248435	0.011294234347407875	8000
rs0007	0.08191647266675403	0.01131118237678981	8000
rs0008	0.0953315338143671	0.01129803294077065	8000
rs0009	0.0741026867871912	0.011317918201045064	8000
rs0010	0.08737326123111883	0.011306075605629476	8000
rs0011	0.10054171492715978	0.011292384581805771	8000
rs0012	0.08881612371304752	0.011304669854634622	8000
rs0013	0.07950702125301061	0.011313331811481682	8000
rs0014	0.09397563242778978	0.0112994531542549	8000
rs0015	0.09533508012982758	0.01129802919933861	8000
rs0016	0.08621768362670584	0.011307184733455327	8000
rs0017	0.08119406386783404	0.01131183360490399	8000
rs0018	0.10282373207532632	0.011289815082962812	8000
rs0019	0.07740850370379633	0.011315151267986994	8000
rs0020	0.0066560606123175214	0.011347964830517837	8000
rs0021	0.0004905098901590927	0.011348207567269545	8000
rs0022	-0.00883459550744991	0.01134777891805048	8000
rs0023	0.007645360445604724	0.011347886887136217	8000
rs0024	0.002861866316999971	0.01134816377355765	8000
rs0025	-0.004129258643449078	0.011348114962065734	8000
rs0026	-0.006870500185223781	0.011347948851015434	8000
rs0027	-0.001715485209606003	0.011348192680738734	8000
rs0028	0.012053540544197654	0.011347408494938921	8000
rs0029	-0.0036830484784691887	0.011348134165693469	8000
rs0030	-0.0002328769567497533	0.011348208593945266	8000
rs0031	-0.0037406856728806944	0.01134813180853145	8000
rs0032	-0.004293938860729434	0.011348107320480878	8000
rs0033	0.007074025841973631	0.011347933216138882	8000
rs0034	-0.0012177545145340876	0.011348200723473216	8000
rs0035	-0.0037928668495593276	0.011348129642932813	8000
rs0036	0.0006980527612799885	0.011348206208357787	8000
rs0037	0.006040749303148157	0.011348007869234691	8000
rs0038	-0.006563257372474522	0.011347971588898975	8000
rs0039	0.0044123035078183	0.011348101643492075	8000
rs0040	0.07322214885496116	0.01131863472768416	8000
rs0041	0.07005139515762931	0.011321143579101179	8000
rs0042	0.07168386406973258	0.011319865829844698	8000
rs0043	0.11334005044869562	0.01127722029828407	8000
rs0044	0.06266048048138696	0.011326558628590694	8000
rs0045	0.06671869585956658	0.011323660313019422	8000
rs0046	0.08169152911122447	0.011311385778589297	8000
rs0047	0.08882091483622503	0.011304665148095512	8000
rs0048	0.06508408289681084	0.011324849687098454	8000
rs0049	0.08715337306353182	0.011306287801152833	8000
rs0050	0.08942479938495553	0.011304069876238934	8000
rs0051	0.08533880054284267	0.0113080183308554	8000
rs0052	0.08185632949311888	0.011311236815481046	8000
rs0053	0.06979282839016676	0.011321343248593858	8000
rs0054	0.07507420967917497	0.011317117644486863	8000
rs0055	0.07713465737275162	0.011315385087348888	8000
rs0056	0.08796034405542366	0.011305506422277274	8000
rs0057	0.08445522276119977	0.011308847710476938	8000
rs0058	0.08120724389598469	0.011311821775532119	8000
rs0059	0.07745584187114082	0.011315110764547906	8000
