SNP	BETA	SE	N
rs0000	0.08951873089870135	0.011189355823428558	8000
rs0001	0.06985642769839526	0.011206850227951355	8000
rs0002	0.08972424823584169	0.011189150007903305	8000
rs0003	0.11414230500875897	0.011161302305881486	8000
rs0004	0.0806919298879546	0.011197746767078095	8000
rs0005	0.09669747484287444	0.011181884552725774	8000
rs0006	0.09030996160338789	0.01118856083452468	8000
rs0007	0.07624786502889923	0.011201639870520596	8000
rs0008	0.07746136846847865	0.011200598828767025	8000
rs0009	0.08167770222299167	0.011196853139167061	8000
rs0010	0.09443333834121043	0.011184303686798288	8000
rs0011	0.0860656276070361	0.011192742807776802	8000
rs0012	0.09546541352338228	0.01118320813133253	8000
rs0013	0.07649278688469513	0.011201431088437198	8000
rs0014	0.09109598409083254	0.01118776409506164	8000
rs0015	0.09126060266373892	0.01118759635034617	8000
rs0016	0.09220569463566317	0.011186627401179539	8000
rs0017	0.07397924969472762	0.01120354173392257	8000
rs0018	0.0801442546127315	0.01119823852948246	8000
rs0019	0.08987331267245698	0.011189000429501566	8000
rs0020	-0.0037901258692000623	0.011233959166204378	8000
rs0021	-0.01049114935445112	0.011233426599284677	8000
rs0022	-0.002883986321293315	0.011233992820747666	8000
rs0023	0.0032773453880672117	0.011233979333650737	8000
rs0024	-0.009732204836354128	0.0112335120150267	8000
rs0025	-0.0243584621463016	0.01123073680786879	8000
rs0026	-0.014625698434667203	0.011232848661871152	8000
rs0027	-0.01659206419256006	0.011232507019774787	8000
rs0028	-0.0036032826071056706	0.011233966853573876	8000
rs0029	-0.023320909923670672	0.011231012177170218	8000
rs0030	-0.018402783080352435	0.01123215434543816	8000
rs0031	-0.009279868179702336	0.011233559874000522	8000
rs0032	-0.0002650392905396386	0.011234038714808058	8000
rs0033	-0.01127170139445682	0.011233332063588515	8000
rs0034	-0.011814497615473166	0.011233262325409003	8000
rs0035	-0.0016866791471969339	0.011234023274365566	8000
rs0036	-0.009048397636497955	0.01123358348355817	8000
rs0037	-0.0026567980195508424	0.011233999825802482	8000
rs0038	-0.004519553931664822	0.011233925435673827	8000
rs0039	-0.004260736357798051	0.01123393808185675	8000
rs0040	0.021486259224738718	0.01123146975161016	8000
rs0041	0.018894751597192155	0.011232052217408296	8000
rs0042	0.027603632113696337	0.011229798116986664	8000
rs0043	0.004792696513882065	0.011233911280950044	8000
rs0044	0.02605099612455175	0.01123026186763211	8000
rs0045	0.006574610790159479	0.01123379856011382	8000
rs0046	0.025089910441213264	0.011230535472589004	8000
rs0047	0.01838025821378046	0.011232158956864918	8000
rs0048	0.006391923488076875	0.011233811742498838	8000
rs0049	0.010490778246526984	0.011233426642617993	8000
rs0050	0.0199541202118894	0.011231823152041007	8000
rs0051	0.025949454325650885	0.011230291261051548	8000
rs0052	0.02344671779913681	0.011230979426249859	8000
rs0053	0.02399852369765372	0.011230833694966112	8000
rs0054	0.013630979679284103	0.01123300509080444	8000
rs0055	0.027088160272047725	0.01122995505954353	8000
rs0056	0.022988161076397257	0.011231097950185254	8000
rs0057	0.02167296633208776	0.011231424899035954	8000
rs0058	0.028952044219051187	0.011229373572008431	8000
rs0059	0.01409853036767302	0.011232932936052075	8000
