SNP	BETA	SE	N
rs0000	0.09103642536055206	0.011077134424151171	8000
rs0001	0.08474615699999122	0.011083372977803882	8000
rs0002	0.08283340733556975	0.011085180819628256	8000
rs0003	0.10091794379338652	0.011066424340374824	8000
rs0004	0.08313070362479197	0.011084902556959434	8000
rs0005	0.08818137284463415	0.011080021776729648	8000
rs0006	0.0997038978672597	0.011067800179381533	8000
rs0007	0.09248108211812343	0.01107563807587334	8000
rs0008	0.08904415329665277	0.011079159013811917	8000
rs0009	0.08570277609240635	0.011082453231591842	8000
rs0010	0.0867704268221514	0.011081414450870021	8000
rs0011	0.0741215110220639	0.011092889543163934	8000
rs0012	0.09560380895197211	0.011072322394682749	8000
rs0013	0.08111595825205131	0.011086768665450813	8000
rs0014	0.0881789327202961	0.011080024204797062	8000
rs0015	0.07041049913817693	0.011095911868034582	8000
rs0016	0.08632905070499512	0.011081845463054392	8000
rs0017	0.10192569559043524	0.01106526950807698	8000
rs0018	0.09704088680476816	0.01107075918263934	8000
rs0019	0.08562512158756579	0.011082528280774606	8000
rs0020	0.010393168228826811	0.011123201622154851	8000
rs0021	0.0022850294810025087	0.01112377935386925	8000
rs0022	0.019173228049548238	0.011121742528567338	8000
rs0023	-0.00042782025652902917	0.011123807669240307	8000
rs0024	0.017606457833112862	0.011122066437381875	8000
rs0025	0.005927904028110797	0.0111236112096104	8000
rs0026	0.011505719038347819	0.01112306469065339	8000
rs0027	0.0025886884131499322	0.011123771036560018	8000
rs0028	0.013549618242960084	0.011122776865007079	8000
rs0029	0.0045273288638406645	0.011123693506103536	8000
rs0030	0.018663286739441762	0.011121850982416734	8000
rs0031	-0.0054333943770677245	0.011123642784724296	8000
rs0032	0.006019363675855093	0.01112360506858288	8000
rs0033	0.009485651256470783	0.011123303013798094	8000
rs0034	0.017247658889767842	0.011122136729557225	8000
rs0035	-0.0004075311538842225	0.01112380776449076	8000
rs0036	0.006368317218648024	0.011123580774464783	8000
rs0037	0.006191873808088822	0.011123593229513678	8000
rs0038	0.006637017358128843	0.011123561134812384	8000
rs0039	0.01248821782659784	0.011122932195417313	8000
rs0040	0.05871124040642857	0.01110441965984686	8000
rs0041	0.0621280371050113	0.011102094967644985	8000
rs0042	0.04985577846163784	0.01110983089077457	8000
rs0043	0.07910500021889119	0.011088585311722842	8000
rs0044	0.0592432182676808	0.01110406638918871	8000
rs0045	0.039727358808649665	0.011114935345468724	8000
rs0046	0.07117553983946892	0.01109530156922531	8000
rs0047	0.05766813602176153	0.011105103072745063	8000
rs0048	0.04695966849506117	0.011111408538458866	8000
rs0049	0.06237777876911557	0.011101919875069484	8000
rs0050	0.06082746803529009	0.0111029953924596	8000
rs0051	0.06710374353383645	0.011098473550268531	8000
rs0052	0.06549980023096857	0.011099671520587216	8000
rs0053	0.049466069551739246	0.011110048692856093	8000
rs0054	0.06200013165166454	0.011102184368429038	8000
rs0055	0.06121796783873386	0.01110272704588523	8000
rs0056	0.06948056832862019	0.011096644780121194	8000
rs0057	0.06580998400391651	0.01109944211756885	8000
rs0058	0.06512321637282079	0.011099948568235212	8000
rs0059	0.06437841072277968	0.011100491787544275	8000
